1 2
1 4
1 5
1 7
1 10
1 14
1 19
1 20
1 24
1 26
1 69
1 73
1 97
1 114
1 115
1 122
2 3
2 13
2 15
2 17
2 20
2 21
2 22
2 26
2 27
2 29
2 46
2 59
2 88
2 98
2 109
3 5
3 6
3 11
3 14
3 16
3 21
3 25
3 29
3 30
3 39
3 52
3 80
3 99
3 118
3 127
4 5
4 7
4 9
4 15
4 20
4 25
4 26
4 28
4 32
4 45
4 47
4 55
4 74
4 77
4 102
5 6
5 8
5 11
5 15
5 16
5 24
5 30
5 32
5 39
5 56
5 73
5 99
5 105
6 7
6 11
6 12
6 14
6 16
6 17
6 20
6 21
6 23
6 29
6 50
6 56
6 85
6 122
7 9
7 12
7 16
7 18
7 24
7 27
7 29
7 53
7 72
7 84
7 89
7 93
7 95
8 10
8 11
8 12
8 19
8 24
8 25
8 26
8 27
8 29
8 41
8 54
8 91
8 101
8 106
8 112
9 10
9 11
9 16
9 17
9 22
9 27
9 28
9 31
9 34
9 43
9 58
9 68
9 104
9 117
10 12
10 13
10 16
10 22
10 23
10 27
10 28
10 58
10 61
10 85
10 95
10 113
10 128
11 18
11 24
11 26
11 27
11 28
11 31
11 46
11 76
11 95
11 96
11 102
12 15
12 18
12 21
12 25
12 26
12 31
12 35
12 53
12 77
12 108
12 114
12 127
13 15
13 17
13 23
13 24
13 28
13 29
13 30
13 31
13 67
13 75
13 79
13 87
13 112
13 120
14 15
14 19
14 21
14 22
14 23
14 30
14 31
14 68
14 74
14 75
14 78
14 90
14 124
15 17
15 20
15 24
15 27
15 30
15 52
15 60
15 61
15 96
15 124
16 21
16 24
16 27
16 28
16 30
16 79
16 118
16 121
16 122
16 128
17 18
17 19
17 25
17 26
17 30
17 32
17 104
17 115
17 119
17 123
17 126
18 19
18 20
18 22
18 25
18 28
18 29
18 47
18 57
18 61
18 67
18 87
18 99
19 20
19 22
19 23
19 26
19 31
19 59
19 63
19 65
19 98
19 103
19 128
20 21
20 22
20 32
20 34
20 51
20 53
20 69
20 88
20 101
21 23
21 28
21 29
21 31
21 32
21 57
21 67
21 77
21 109
22 23
22 25
22 32
22 64
22 94
22 106
22 116
22 121
22 123
23 24
23 25
23 32
23 70
23 82
23 84
23 98
23 104
23 114
24 29
24 30
24 58
24 73
24 79
24 89
24 107
25 26
25 28
25 31
25 61
25 71
25 114
25 117
25 125
26 32
26 51
26 58
26 73
26 74
26 86
26 104
27 28
27 29
27 39
27 59
27 65
27 83
27 85
27 95
28 31
28 38
28 76
28 87
28 97
28 101
29 30
29 32
29 58
29 90
29 92
29 123
30 32
30 35
30 79
30 90
30 97
30 100
30 105
31 32
31 33
31 64
31 96
31 103
31 109
31 110
32 83
32 93
32 94
32 100
32 124
33 38
33 39
33 41
33 43
33 44
33 47
33 50
33 53
33 54
33 62
33 68
33 100
33 108
33 118
33 122
34 37
34 50
34 51
34 53
34 54
34 55
34 58
34 59
34 62
34 64
34 80
34 103
34 104
34 125
35 36
35 37
35 45
35 46
35 47
35 49
35 50
35 53
35 54
35 57
35 61
35 67
35 86
35 88
36 39
36 40
36 45
36 46
36 49
36 50
36 55
36 56
36 63
36 67
36 71
36 75
36 81
36 112
36 119
37 40
37 45
37 51
37 52
37 55
37 58
37 59
37 62
37 70
37 76
37 89
37 101
37 116
37 124
38 43
38 45
38 50
38 52
38 56
38 58
38 60
38 61
38 62
38 63
38 78
38 88
38 125
39 42
39 43
39 44
39 46
39 47
39 49
39 54
39 63
39 91
39 97
39 116
40 42
40 46
40 50
40 52
40 57
40 58
40 59
40 61
40 66
40 89
40 99
40 105
40 111
41 42
41 43
41 47
41 52
41 53
41 57
41 58
41 59
41 60
41 71
41 81
41 83
41 106
41 109
42 44
42 45
42 46
42 47
42 48
42 50
42 54
42 60
42 64
42 72
42 93
42 118
42 120
43 46
43 48
43 49
43 56
43 62
43 64
43 79
43 104
43 116
43 126
43 127
44 45
44 47
44 48
44 49
44 52
44 60
44 62
44 77
44 98
44 116
44 120
45 47
45 54
45 55
45 61
45 72
45 85
45 87
45 109
45 110
46 50
46 52
46 54
46 56
46 62
46 63
46 90
46 116
47 49
47 52
47 56
47 63
47 82
47 117
47 120
48 51
48 52
48 53
48 54
48 56
48 57
48 59
48 64
48 87
48 89
48 121
48 124
49 50
49 58
49 59
49 61
49 70
49 108
49 113
49 125
49 127
50 51
50 55
50 64
50 105
50 107
50 113
51 55
51 56
51 57
51 61
51 62
51 63
51 76
51 88
51 123
52 60
52 61
52 101
52 102
53 54
53 55
53 57
53 58
53 64
53 80
53 87
53 90
54 60
54 63
54 102
54 108
54 120
54 126
55 56
55 57
55 59
55 62
55 81
55 94
55 96
56 57
56 60
56 64
56 105
56 111
57 60
57 63
57 66
57 69
57 98
57 112
58 59
58 60
58 64
58 110
59 60
59 61
59 62
59 81
59 113
60 68
60 103
60 112
60 114
60 121
61 62
61 63
61 64
61 125
62 86
62 96
62 106
62 110
62 112
63 64
63 71
63 86
63 100
63 118
63 122
64 118
64 119
65 66
65 67
65 68
65 76
65 77
65 79
65 81
65 82
65 84
65 85
65 94
65 106
65 117
65 127
66 68
66 69
66 70
66 71
66 76
66 80
66 83
66 85
66 88
66 89
66 91
66 93
66 113
67 68
67 72
67 73
67 76
67 79
67 89
67 90
67 91
67 92
67 103
68 69
68 72
68 73
68 74
68 81
68 84
68 88
68 93
68 121
69 76
69 77
69 78
69 82
69 87
69 88
69 90
69 92
69 94
69 111
69 122
70 71
70 75
70 78
70 80
70 81
70 82
70 88
70 91
70 94
70 95
70 115
70 119
71 72
71 74
71 75
71 81
71 82
71 85
71 86
71 93
71 95
71 109
72 74
72 75
72 76
72 82
72 83
72 85
72 86
72 92
72 94
72 114
73 74
73 76
73 78
73 79
73 80
73 86
73 89
73 96
73 106
74 77
74 82
74 83
74 87
74 89
74 92
74 94
74 95
74 111
75 77
75 81
75 82
75 83
75 85
75 89
75 93
75 95
75 96
75 117
76 82
76 84
76 92
76 93
76 94
76 115
77 78
77 80
77 82
77 83
77 84
77 92
77 93
77 111
78 79
78 85
78 86
78 91
78 94
78 96
78 124
79 80
79 82
79 85
79 89
79 90
79 96
79 121
80 83
80 87
80 90
80 91
80 95
80 105
80 108
80 115
81 83
81 84
81 86
81 92
81 95
81 102
82 90
82 91
82 92
82 126
83 88
83 92
83 93
83 101
83 120
83 123
84 86
84 87
84 91
84 92
84 96
84 103
84 117
84 126
85 86
85 90
85 96
85 97
85 123
86 90
86 91
86 95
86 119
87 88
87 90
87 93
87 94
87 95
87 96
88 89
88 90
88 91
88 95
88 126
89 90
89 94
89 95
89 107
90 110
91 93
91 95
91 100
91 111
91 115
92 96
92 97
92 127
92 128
93 96
93 108
93 113
93 125
94 96
94 98
94 102
94 110
95 96
97 98
97 99
97 106
97 109
97 113
97 115
97 116
97 117
97 127
97 128
98 103
98 104
98 108
98 110
98 111
98 112
98 117
98 126
98 127
99 101
99 102
99 103
99 108
99 113
99 114
99 117
99 118
99 122
100 103
100 105
100 107
100 108
100 113
100 114
100 120
100 123
100 125
100 127
101 104
101 107
101 112
101 115
101 117
101 119
101 120
101 123
101 128
102 106
102 108
102 109
102 111
102 112
102 114
102 118
102 119
102 124
103 109
103 117
103 118
103 120
103 122
103 126
103 128
104 106
104 108
104 109
104 112
104 113
104 118
104 125
104 126
105 108
105 112
105 113
105 114
105 115
105 120
105 121
105 122
105 125
106 109
106 110
106 115
106 126
106 127
107 110
107 112
107 113
107 114
107 117
107 118
107 121
107 128
108 112
108 119
108 122
108 123
109 114
109 121
109 123
109 124
109 128
110 111
110 112
110 113
110 121
110 122
110 127
110 128
111 116
111 118
111 119
111 122
111 123
111 126
111 127
112 117
112 120
113 115
113 124
113 127
114 120
114 121
114 123
114 126
115 116
115 120
115 121
115 125
115 128
116 117
116 122
116 123
116 124
116 125
116 127
116 128
117 119
117 121
118 119
118 125
118 126
118 128
119 120
119 121
119 124
119 126
120 123
120 125
121 122
121 123
122 124
122 125
123 127
124 125
124 126
124 127
124 128
125 126